549751     20      0      0
551905     21      0      0
553405     24      10      0
55396     29      0      0
554657     59      44      0
554708     33      0      0
557620     45      30      0
558822     24      0      0
560472     20      0      0
564900     20      0      0
567204     20      0      0
568451     31      0      0
569209     60      50      0
569227     79      30      0
569475     28      10      0
56973     83      43      0
570220     41      30      0
571818     43      30      0
573395     32      30      0
575683     37      30      0
57772     31      0      0
578501     23      0      0
578873     26      0      0
579167     31      30      0
579759     24      10      0
580973     28      0      0
581137     26      0      0
582547     35      10      0
583301     32      30      0
584118     31      30      0
584720     25      0      0
586209     21      0      0
586430     37      0      0
588113     20      0      0
588437     22      0      0
588511     34      0      0
591078     36      30      0
59195     30      0      0
594634     30      0      0
594697     27      0      0
596488     45      0      0
596716     26      0      0
598583     22      0      0
599534     22      10      0
601438     22      0      0
60146     43      30      0
602699     26      0      0
603450     32      0      0
603648     28      0      0
604534     42      30      0
606675     31      30      0
608521     76      60      0
61309     69      20      0
613158     34      20      0
615568     65      30      0
615997     22      0      0
618962     28      20      0
619161     117      80      0
62000     26      0      0
621905     34      0      0
622985     21      0      0
623815     27      10      0
624311     31      30      0
6321     55      0      0
6804     29      0      0
69409     21      0      0
69543     26      21      0
70057     21      0      0
71654     166      150      0
71905     44      10      0
72993     20      0      0
7487     40      30      0
75314     26      0      0
75761     25      0      0
76946     47      0      0
7775     22      0      0
78208     19      0      0
79796     24      0      0
8071     21      20      0
82220     24      0      0
82629     48      30      0
83461     23      0      0
83595     140      30      0
8416     51      20      0
8503     30      0      0
85549     38      30      0
85740     31      30      0
86018     21      10      0
86530     29      0      0
88829     21      0      0
88941     38      0      0
89598     218      185      0
90592     24      10      0
92154     75      57      0
93026     94      40      0
93392     44      30      0
93404     23      0      0
95135     41      0      0
97050     41      40      0
97291     20      19      0
