461420     26      0      0
463023     23      0      0
463651     20      0      0
466718     45      0      0
468542     50      0      0
471162     27      0      0
471616     27      0      0
478005     28      0      0
47864     29      0      0
478679     30      0      0
482455     26      0      0
487557     37      0      0
488644     26      0      0
489786     28      0      0
489932     22      0      0
49027     24      0      0
491442     29      0      0
494973     23      0      0
495452     21      0      0
502838     35      0      0
50377     27      0      0
505564     22      0      0
505789     29      0      0
506076     21      0      0
508516     30      0      0
508750     26      0      0
50927     21      0      0
509748     43      0      0
514747     22      0      0
515703     31      0      0
518231     25      0      0
519497     21      0      0
525972     22      0      0
526712     33      0      0
528621     23      0      0
529794     43      0      0
529975     31      0      0
532042     32      0      0
534758     38      0      0
536457     24      0      0
536995     24      0      0
539167     47      0      0
539354     30      0      0
540097     23      0      0
545240     28      0      0
548691     20      0      0
548984     21      0      0
549751     20      0      0
551905     21      0      0
55396     29      0      0
554708     33      0      0
558822     24      0      0
560472     20      0      0
564900     20      0      0
567204     20      0      0
568451     31      0      0
57772     31      0      0
578501     23      0      0
578873     26      0      0
580973     28      0      0
581137     26      0      0
584720     25      0      0
586209     21      0      0
586430     37      0      0
588113     20      0      0
588437     22      0      0
588511     34      0      0
59195     30      0      0
594634     30      0      0
594697     27      0      0
596488     45      0      0
596716     26      0      0
598583     22      0      0
601438     22      0      0
602699     26      0      0
603450     32      0      0
603648     28      0      0
615997     22      0      0
62000     26      0      0
621905     34      0      0
622985     21      0      0
6321     55      0      0
6804     29      0      0
69409     21      0      0
70057     21      0      0
72993     20      0      0
75314     26      0      0
75761     25      0      0
76946     47      0      0
7775     22      0      0
78208     19      0      0
79796     24      0      0
82220     24      0      0
83461     23      0      0
8503     30      0      0
86530     29      0      0
88829     21      0      0
88941     38      0      0
93404     23      0      0
95135     41      0      0
