187259     19      1809      95
344204     24      2284      95
605358     21      2000      95
107326     20      1890      94
291016     47      4456      94
305350     7      660      94
527095     20      1880      94
535256     20      1898      94
103508     20      1870      93
186548     22      2059      93
192831     23      2150      93
195233     25      2330      93
283777     35      3270      93
347351     19      1770      93
416445     24      2239      93
524370     18      1680      93
58070     21      1960      93
60808     29      2712      93
12692     22      2036      92
129951     27      2500      92
140131     24      2213      92
140351     33      3065      92
1434     24      2215      92
144603     20      1850      92
162707     22      2040      92
173140     21      1936      92
241257     22      2034      92
292397     39      3602      92
33277     31      2860      92
34531     17      1564      92
347402     25      2303      92
359002     27      2488      92
389068     27      2510      92
477890     32      2950      92
50035     28      2602      92
524069     74      6876      92
567844     34      3153      92
571118     24      2226      92
583747     22      2026      92
585679     14      1300      92
61523     31      2860      92
7341     25      2300      92
85308     19      1759      92
112349     28      2562      91
126352     24      2190      91
136579     20      1831      91
138238     59      5370      91
140882     24      2207      91
156626     23      2112      91
162331     22      2012      91
177150     24      2200      91
18501     24      2190      91
192613     47      4298      91
205773     29      2660      91
216904     22      2010      91
217699     28      2560      91
224915     28      2558      91
226282     40      3640      91
240774     21      1920      91
248893     38      3460      91
259250     38      3490      91
260205     29      2643      91
288187     19      1732      91
30028     31      2826      91
309850     22      2019      91
329219     20      1835      91
333761     35      3186      91
372200     30      2730      91
37566     30      2758      91
390705     39      3550      91
414708     28      2560      91
416320     43      3920      91
438993     32      2917      91
450732     23      2109      91
45127     33      3020      91
45155     20      1830      91
454733     29      2660      91
476551     31      2835      91
519758     23      2100      91
535835     20      1830      91
535962     27      2469      91
538358     21      1911      91
539332     27      2460      91
539905     48      4379      91
544089     25      2280      91
549986     28      2562      91
557315     23      2110      91
565615     20      1832      91
566365     40      3672      91
578621     19      1730      91
583651     52      4732      91
609589     47      4280      91
6977     25      2278      91
91585     29      2650      91
92617     17      1560      91
100343     26      2340      90
100909     28      2538      90
108205     21      1890      90
108883     21      1890      90
110427     40      3610      90
