147073     463820      32237937      69
56437     369441      27714820      75
189820     350980      27580466      78
175835     305278      23423084      76
531386     347966      23250278      66
436056     305106      22992135      75
194044     299294      22907913      76
270248     296911      22428331      75
88858     313735      22224838      70
393059     318148      22181005      69
123601     299693      21294520      71
17863     307268      20385351      66
131263     264932      19937303      75
459622     257013      19800487      77
182140     274635      19419605      70
213829     244997      18853066      76
600770     301880      18637372      61
207030     242739      18436140      75
22757     243428      18361617      75
257158     313159      17549550      56
192496     232047      17514902      75
123025     231172      16938216      73
146781     221547      16839483      76
275261     223339      16751904      75
234288     236668      16468979      69
180037     216071      16303632      75
40476     217556      15950998      73
144592     223904      15613669      69
111280     224796      15565114      69
247563     226850      15561379      68
196852     222060      15417760      69
392726     204275      15320232      74
34525     203148      15143352      74
283332     220957      15118424      68
25311     203790      14955839      73
440749     198508      14912690      75
349451     219840      14852793      67
36870     218024      14695107      67
267846     202679      14406078      71
382315     207741      14284688      68
370371     212936      14253426      66
378073     205716      14062855      68
179785     186476      14021367      75
210226     186359      13834059      74
324045     179943      13422622      74
489371     187261      12859348      68
532569     194409      12615004      64
267723     185554      12373511      66
558154     179162      12310396      68
219179     166620      12097726      72
183450     158614      11815007      74
228988     168972      11753962      69
173301     163470      11549166      70
169708     163261      11527084      70
55629     159736      11090553      69
129462     142961      11089756      77
227064     155159      11004187      70
538823     170138      10968318      64
39975     140893      10800915      76
85012     231152      10769918      46
492607     150938      10659954      70
325346     146355      10659521      72
423102     141368      10296356      72
405897     144826      10293295      71
467178     147691      10258091      69
224051     142122      10054021      70
569179     154136      10043839      65
235966     150983      9916817      65
375693     144441      9855604      68
371598     137491      9847897      71
212016     143728      9772862      67
540934     136795      9700222      70
457583     147066      9649404      65
497792     136540      9646743      70
248550     136048      9570377      70
582591     152541      9569694      62
574204     145558      9465651      65
493655     131680      9403478      71
461814     132166      9345616      70
257310     132748      9342146      70
349388     216306      9252145      42
523223     211114      9235710      43
608376     133620      9192909      68
423861     135675      9192884      67
119236     136982      9174094      66
569455     136728      9168558      67
607946     131962      9111244      69
225587     126531      9060910      71
428598     124228      9060611      72
41693     121636      8988992      73
304287     116059      8817040      75
390355     119869      8814797      73
490684     118177      8809246      74
283541     128813      8777464      68
344617     128803      8488269      65
484497     147862      8452570      57
528144     123124      8434470      68
596241     136119      8430989      61
166998     121320      8419110      69
210839     130209      8379287      64
