996     84      0      0
99601     19      0      0
99610     10      0      0
9961     61      0      0
99620     25      0      0
9962     226      0      0
99630     43      0      0
9963     304      0      0
99640     374      0      0
9964     13      0      0
99650     15      0      0
9965     4      0      0
99660     27      0      0
9966     19      0      0
99670     13      0      0
9967     5      0      0
99680     599      0      0
9968     12      0      0
99690     16      0      0
9969     4      0      0
99700     3      0      0
9970     28      0      0
997     24      0      0
99710     257      0      0
9971     147      0      0
99720     239      0      0
9972     40      0      0
99729     18      0      0
99730     25      0      0
9973     14      0      0
99740     46      0      0
9974     32      0      0
99750     10      0      0
9975     75      0      0
99760     38      0      0
9976     15      0      0
9977     4      0      0
99779     19      0      0
99780     7      0      0
9978     47      0      0
99790     74      0      0
9979     4      0      0
99800     84      0      0
9980     38      0      0
998     11      0      0
99810     9      0      0
9981     73      0      0
99820     1      0      0
9982     173      0      0
99827     46      0      0
99830     55      0      0
9983     5      0      0
99840     34      0      0
9984     15      0      0
99850     9      0      0
9985     15      0      0
99860     155      0      0
9986     840      0      0
99861     80      0      0
99862     5      0      0
99865     23      0      0
99866     69      0      0
99867     6      0      0
99868     43      0      0
99869     28      0      0
99870     186      0      0
9987     2      0      0
99880     796      0      0
9988     31      0      0
99890     23      0      0
9989     163      0      0
99900     31      0      0
9990     8      0      0
999     19      0      0
99910     165      0      0
9991     18      0      0
99920     30      0      0
9992     21      0      0
99924     257      0      0
99930     157      0      0
9993     20      0      0
9994     77      0      0
99950     7      0      0
9995     12      0      0
99960     24      0      0
9996     11      0      0
99970     22      0      0
9997     15      0      0
99979     18      0      0
99980     85      0      0
9998     34      0      0
99987     36      0      0
99988     12      0      0
99990     87      0      0
9999     209      0      0
99991     1234      0      0
99995     136      0      0
99996     16      0      0
99997     9      0      0
99999     2      0      0
