147073     463820      32237937      69
189820     323442      27580466      85
175835     304302      23331340      76
436056     305106      22992135      75
270248     296911      22428331      75
56437     248917      22402394      89
531386     290555      22348538      76
194044     250075      21474318      85
123601     299693      21294520      71
88858     267837      21226376      79
131263     264932      19937303      75
459622     257013      19800487      77
182140     240527      19419605      80
213829     244997      18853066      76
600770     248583      18637372      74
207030     221133      18436140      83
257158     313159      17549550      56
192496     232047      17514902      75
123025     231172      16938216      73
146781     221547      16839483      76
275261     223339      16751904      75
234288     236668      16468979      69
17863     203943      16315273      79
180037     216071      16303632      75
393059     203795      15663054      76
111280     202998      15565114      76
247563     226850      15561379      68
22757     172563      15530614      89
440749     198508      14912690      75
349451     219840      14852793      67
144592     187521      14826047      79
267846     202679      14406078      71
382315     207741      14284688      68
370371     212675      14228682      66
378073     205716      14062855      68
283332     175109      14024428      80
179785     186476      14021367      75
210226     186359      13834059      74
196852     154492      13537489      87
324045     163703      13422622      81
392726     150307      13183844      87
36870     164177      13134160      80
40476     142804      12852296      89
532569     194409      12615004      64
34525     137624      12386104      89
267723     185554      12373511      66
25311     136432      12278823      89
219179     166620      12097726      72
183450     143305      11815007      82
173301     163470      11549166      70
227064     155159      11004187      70
538823     170138      10968318      64
85012     231152      10769918      46
492607     150938      10659954      70
489371     116314      10466204      89
129462     116278      10339006      88
423102     141368      10296356      72
405897     144826      10293295      71
467178     129439      10258091      79
224051     142122      10054021      70
569179     154136      10043839      65
235966     150983      9916817      65
325346     111699      9857421      88
375693     144441      9855604      68
371598     137491      9847897      71
212016     143728      9772862      67
169708     111471      9731094      87
540934     136795      9700222      70
457583     147066      9649404      65
497792     136540      9646743      70
248550     120690      9570377      79
574204     145558      9465651      65
493655     131680      9403478      71
461814     132166      9345616      70
257310     116931      9342146      79
349388     216306      9252145      42
228988     102706      9237932      89
39975     102621      9235846      89
523223     211114      9235710      43
608376     133620      9192909      68
423861     135675      9192884      67
119236     136982      9174094      66
569455     136728      9168558      67
607946     131962      9111244      69
225587     110778      9060910      81
428598     124228      9060611      72
55629     98508      8865720      90
304287     105757      8817040      83
390355     119869      8814797      73
283541     128813      8777464      68
344617     128803      8488269      65
484497     147862      8452570      57
558154     93914      8446094      89
528144     123124      8434470      68
596241     136119      8430989      61
166998     121320      8419110      69
210839     130209      8379287      64
205234     111961      8368982      74
126944     127959      8354137      65
119752     110563      8311885      75
